TestOne = [...
0.000000 -0.034019 -0.000071 ;
0.010000 0.020562 -0.000231 ;
0.020000 -0.008311 -0.000372 ;
0.030000 0.000151 -0.000483 ;
0.040000 -0.001175 -0.000596 ;
0.050000 0.080224 -0.000527 ;
0.060000 0.076442 0.000028 ;
0.070000 0.043120 0.001088 ;
0.080000 0.102137 0.002557 ;
0.090000 0.084482 0.004513 ;
0.100000 0.102094 0.006963 ;
0.110000 0.096891 0.009852 ;
0.120000 0.133234 0.013191 ;
0.130000 0.128294 0.017027 ;
0.140000 0.094320 0.021250 ;
0.150000 0.107819 0.025652 ;
0.160000 0.145747 0.030240 ;
0.170000 0.147453 0.035141 ;
0.180000 0.214869 0.040502 ;
0.190000 0.178162 0.046429 ;
0.200000 0.247039 0.052932 ;
0.210000 0.234171 0.060069 ;
0.220000 0.254506 0.067833 ;
0.230000 0.197560 0.076021 ;
0.240000 0.272035 0.084473 ;
0.250000 0.257310 0.093245 ;
0.260000 0.294102 0.102395 ;
0.270000 0.305851 0.111946 ;
0.280000 0.226463 0.121730 ;
0.290000 0.314127 0.131512 ;
0.300000 0.294227 0.141369 ;
0.310000 0.271147 0.151262 ;
0.320000 0.303303 0.161033 ;
0.330000 0.344440 0.170788 ;
0.340000 0.319732 0.180633 ;
0.350000 0.340469 0.190502 ;
0.360000 0.352916 0.200370 ;
0.370000 0.314338 0.210170 ;
0.380000 0.391669 0.219856 ;
0.390000 0.353053 0.229521 ;
0.400000 0.386744 0.239159 ;
0.410000 0.371618 0.248721 ;
0.420000 0.417737 0.258240 ;
0.430000 0.377718 0.267719 ;
0.440000 0.447608 0.277159 ;
0.450000 0.449720 0.286699 ;
0.460000 0.413175 0.296325 ;
0.470000 0.410983 0.305793 ;
0.480000 0.504803 0.315155 ;
0.490000 0.425693 0.324568 ;
0.500000 0.476826 0.333918 ;
0.510000 0.529571 0.343294 ;
0.520000 0.527659 0.352937 ;
0.530000 0.489210 0.362755 ;
0.540000 0.475113 0.372450 ;
0.550000 0.537798 0.381950 ;
0.560000 0.574769 0.391508 ;
0.570000 0.587630 0.401348 ;
0.580000 0.552254 0.411410 ;
0.590000 0.600051 0.421562 ;
0.600000 0.590814 0.431814 ;
0.610000 0.525804 0.441993 ;
0.620000 0.540814 0.451766 ;
0.630000 0.554053 0.461057 ;
0.640000 0.620529 0.470074 ;
0.650000 0.601210 0.479039 ;
0.660000 0.625596 0.487993 ;
0.670000 0.594961 0.496860 ;
0.680000 0.627539 0.505569 ;
0.690000 0.619765 0.514122 ;
0.700000 0.641057 0.522547 ;
0.710000 0.697905 0.530981 ;
0.720000 0.665621 0.539567 ;
0.730000 0.623686 0.548110 ;
0.740000 0.631207 0.556318 ;
0.750000 0.659543 0.564170 ;
0.760000 0.710492 0.571882 ;
0.770000 0.672282 0.579600 ;
0.780000 0.689281 0.587241 ;
0.790000 0.724948 0.594816 ;
0.800000 0.698570 0.602400 ;
0.810000 0.757689 0.610016 ;
0.820000 0.737135 0.617745 ;
0.830000 0.699924 0.625468 ;
0.839999 0.711723 0.632949 ;
0.849999 0.768246 0.640246 ;
0.859999 0.784945 0.647614 ;
0.869999 0.724991 0.655046 ;
0.879999 0.785703 0.662384 ;
0.889999 0.758404 0.669650 ;
0.899999 0.737680 0.676761 ;
0.909999 0.780639 0.683624 ;
0.919999 0.779871 0.690347 ;
0.929999 0.765752 0.696949 ;
0.939999 0.813602 0.703428 ;
0.949999 0.771018 0.709828 ;
0.959999 0.829348 0.716148 ;
0.969999 0.793409 0.722425 ;
0.979999 0.812075 0.728624 ;
0.989999 0.794928 0.734669 ;
0.999999 0.843222 0.740597 ;
1.009999 0.875249 0.746606 ;
1.019999 0.807082 0.752727 ;
1.029999 0.815286 0.758695 ;
1.039999 0.897638 0.764544 ;
1.049999 0.829317 0.770457 ;
1.059999 0.858247 0.776324 ;
1.069999 0.884005 0.782135 ;
1.079999 0.869998 0.787985 ;
1.089999 0.908521 0.793897 ;
1.099999 0.862607 0.799850 ;
1.109999 0.914953 0.805786 ;
1.119999 0.905397 0.811762 ;
1.129999 0.931801 0.817845 ;
1.139999 0.939880 0.824080 ;
1.149999 0.935140 0.830474 ;
1.159999 0.911158 0.836901 ;
1.169999 0.929100 0.843231 ;
1.179999 0.957645 0.849508 ;
1.189999 0.887688 0.855697 ;
1.199999 0.971722 0.861700 ;
1.209999 0.973008 0.867697 ;
1.219999 0.939555 0.873750 ;
1.229999 0.916441 0.879617 ;
1.239999 0.897309 0.885067 ;
1.249999 0.905484 0.889995 ;
1.259999 0.933646 0.894478 ;
1.269999 0.966782 0.898739 ;
1.279999 0.933039 0.902894 ;
1.289999 0.973968 0.906938 ;
1.299999 0.984142 0.910971 ;
1.309999 0.992959 0.915106 ;
1.319999 0.960266 0.919287 ;
1.329999 0.996707 0.923431 ;
1.339999 1.008245 0.927616 ;
1.349999 0.952508 0.931810 ;
1.359999 1.015317 0.935900 ;
1.369999 0.950561 0.939875 ;
1.379999 1.015443 0.943712 ;
1.389999 0.959194 0.947415 ;
1.399999 1.027997 0.951015 ;
1.409999 0.942090 0.954484 ;
1.419999 1.033399 0.957785 ;
1.429999 0.987948 0.961020 ;
1.439999 1.023837 0.964244 ;
1.449999 1.018707 0.967476 ;
1.459999 0.964088 0.970628 ;
1.469999 0.971659 0.973462 ;
1.479999 0.980224 0.975929 ;
1.489999 0.949997 0.978044 ;
1.499999 0.983549 0.979794 ;
1.509999 0.972179 0.981263 ;
1.519999 1.039362 0.982637 ;
1.529999 1.035678 0.984164 ;
1.539999 0.997505 0.985857 ;
1.549999 1.041960 0.987608 ;
1.559999 1.042951 0.989502 ;
1.569999 1.029534 0.991575 ;
1.579999 1.003816 0.993679 ;
1.589999 0.967848 0.995584 ;
1.599999 0.992242 0.997145 ;
1.609999 0.973674 0.998382 ;
1.619999 1.043596 0.999443 ;
1.629999 1.032467 1.000570 ;
1.639999 0.947607 1.001668 ;
1.649999 1.026432 1.002520 ;
1.659999 0.957029 1.003156 ;
1.669999 1.032537 1.003631 ;
1.679999 0.944263 1.003946 ;
1.689999 1.037498 1.004102 ;
1.699999 0.954611 1.004151 ;
1.709999 1.033094 1.004117 ;
1.719999 1.038474 1.004176 ;
1.729999 0.945047 1.004307 ;
1.739999 0.976330 1.004189 ;
1.749999 1.015949 1.003870 ;
1.759999 1.015841 1.003610 ;
1.769999 0.991056 1.003432 ;
1.779999 0.936894 1.003112 ;
1.789999 0.944102 1.002408 ;
1.799999 0.987938 1.001384 ;
1.809999 0.966279 1.000238 ;
1.819999 0.961166 0.998988 ;
1.829999 0.971337 0.997611 ;
1.839999 0.945245 0.996111 ;
1.849999 1.001312 0.994546 ;
1.859999 0.955391 0.993021 ;
1.869999 0.929843 0.991415 ;
1.879999 0.972147 0.989638 ;
1.889999 0.900263 0.987700 ;
1.899999 0.938603 0.985505 ;
1.909999 0.905259 0.983044 ;
1.919999 0.914865 0.980333 ;
1.929999 0.923287 0.977413 ;
1.939999 0.979073 0.974505 ;
1.949998 0.904180 0.971726 ;
1.959998 0.891888 0.968862 ;
1.969998 0.878834 0.965713 ;
1.979998 0.880111 0.962264 ;
1.989998 0.880310 0.958559 ;
1.999998 0.861355 0.954626 ;
2.009999 0.880710 0.950486 ;
2.019999 0.860457 0.946201 ;
2.029999 0.848047 0.941752 ;
2.039999 0.875241 0.937162 ;
2.049999 0.887637 0.932598 ;
2.059999 0.916311 0.928263 ;
2.069999 0.844964 0.924161 ;
2.079998 0.834239 0.920039 ;
2.089998 0.910516 0.915897 ;
2.099998 0.848239 0.911940 ;
2.109998 0.883314 0.908149 ;
2.119998 0.839993 0.904461 ;
2.129998 0.874765 0.900859 ;
2.139998 0.822269 0.897308 ;
2.149998 0.855213 0.893753 ;
2.159998 0.848507 0.890238 ;
2.169998 0.852643 0.886838 ;
2.179998 0.862689 0.883589 ;
2.189998 0.801035 0.880422 ;
2.199998 0.836132 0.877192 ;
2.209998 0.787459 0.873848 ;
2.219998 0.795498 0.870321 ;
2.229998 0.743335 0.866485 ;
2.239998 0.806313 0.862343 ;
2.249998 0.773464 0.858053 ;
2.259998 0.749827 0.853612 ;
2.269998 0.804028 0.849024 ;
2.279998 0.761733 0.844434 ;
2.289998 0.743078 0.839777 ;
2.299998 0.701275 0.834848 ;
2.309998 0.743915 0.829598 ;
2.319998 0.748598 0.824212 ;
2.329998 0.690617 0.818738 ;
2.339998 0.725015 0.813072 ;
2.349998 0.761151 0.807385 ;
2.359998 0.719918 0.801861 ;
2.369998 0.687431 0.796363 ;
2.379998 0.656752 0.790649 ;
2.389998 0.709415 0.784706 ;
2.399998 0.657917 0.778662 ;
2.409998 0.669762 0.772499 ;
2.419998 0.662389 0.766210 ;
2.429998 0.672547 0.759878 ;
2.439998 0.624228 0.753488 ;
2.449998 0.669511 0.747014 ;
2.459998 0.617850 0.740501 ;
2.469998 0.668149 0.733993 ;
2.479998 0.622977 0.727549 ;
2.489998 0.586857 0.721059 ;
2.499998 0.581080 0.714324 ;
2.509998 0.576668 0.707324 ;
2.519998 0.597621 0.700163 ;
2.529998 0.605711 0.693015 ;
2.539998 0.555047 0.685910 ;
2.549998 0.544970 0.678687 ;
2.559998 0.526284 0.671235 ;
2.569998 0.558136 0.663611 ;
2.579998 0.508493 0.655891 ;
2.589998 0.553825 0.648106 ;
2.599998 0.473412 0.640245 ;
2.609998 0.488433 0.632176 ;
2.619998 0.482950 0.623875 ;
2.629998 0.513842 0.615512 ;
2.639998 0.477580 0.607207 ;
2.649998 0.513268 0.599010 ;
2.659998 0.487143 0.590993 ;
2.669998 0.416569 0.583019 ;
2.679998 0.426764 0.574824 ;
2.689998 0.477027 0.566502 ;
2.699998 0.466254 0.558348 ;
2.709998 0.432160 0.550396 ;
2.719998 0.401547 0.542459 ;
2.729998 0.390750 0.534381 ;
2.739998 0.374231 0.526104 ;
